id,location,date,total_cases,new_cases,total_deaths,new_deaths,mask_use_percentage
28796,Denmark,2020-03-01,4.00,,,,1.33
28827,Denmark,2020-04-01,3290.00,3286.00,104.00,,2.75
28857,Denmark,2020-05-01,9509.00,6219.00,460.00,356.00,4.00
28888,Denmark,2020-06-01,11899.00,2390.00,576.00,116.00,4.00
28918,Denmark,2020-07-01,12994.00,1095.00,606.00,30.00,
28949,Denmark,2020-08-01,14028.00,1034.00,615.00,9.00,
28980,Denmark,2020-09-01,17509.00,3481.00,625.00,10.00,35.50
29010,Denmark,2020-10-01,28882.00,11373.00,651.00,26.00,40.00
29041,Denmark,2020-11-01,47811.00,18929.00,723.00,72.00,72.50
29071,Denmark,2020-12-01,82470.00,34659.00,846.00,123.00,69.00
29102,Denmark,2021-01-01,166567.00,84097.00,1322.00,476.00,65.00
29133,Denmark,2021-02-01,199644.00,33077.00,2146.00,824.00,65.00
29161,Denmark,2021-03-01,212380.00,12736.00,2366.00,220.00,62.00
29192,Denmark,2021-04-01,231957.00,19577.00,2424.00,58.00,65.00
29222,Denmark,2021-05-01,252740.00,20783.00,2490.00,66.00,60.00
29253,Denmark,2021-06-01,282896.00,30156.00,2517.00,27.00,56.00
29283,Denmark,2021-07-01,294980.00,12084.00,2536.00,19.00,28.00
29314,Denmark,2021-08-01,318807.00,23827.00,2551.00,15.00,18.50
37715,Finland,2020-03-01,6.00,5.00,,,1.33
37746,Finland,2020-04-01,1446.00,1440.00,17.00,,3.75
37776,Finland,2020-05-01,5051.00,3605.00,218.00,201.00,7.00
37807,Finland,2020-06-01,6885.00,1834.00,318.00,100.00,7.00
37837,Finland,2020-07-01,7236.00,351.00,328.00,10.00,
37868,Finland,2020-08-01,7443.00,207.00,329.00,1.00,
37899,Finland,2020-09-01,8142.00,699.00,336.00,7.00,21.50
37929,Finland,2020-10-01,10103.00,1961.00,344.00,8.00,46.00
37960,Finland,2020-11-01,16291.00,6188.00,358.00,14.00,59.00
37990,Finland,2020-12-01,25462.00,9171.00,399.00,41.00,0.00
38021,Finland,2021-01-01,36403.00,10941.00,561.00,162.00,75.50
38052,Finland,2021-02-01,45482.00,9079.00,677.00,116.00,76.00
38080,Finland,2021-03-01,58064.00,12582.00,750.00,73.00,73.00
38111,Finland,2021-04-01,78106.00,20042.00,846.00,96.00,76.00
38141,Finland,2021-05-01,87096.00,8990.00,914.00,68.00,73.00
38172,Finland,2021-06-01,92642.00,5546.00,956.00,42.00,71.50
38202,Finland,2021-07-01,95964.00,3322.00,973.00,17.00,72.00
38233,Finland,2021-08-01,107321.00,11357.00,985.00,12.00,66.00
38322,France,2020-03-01,130.00,124.00,2.00,,11.25
38353,France,2020-04-01,57125.00,56995.00,4779.00,4777.00,38.25
38383,France,2020-05-01,169387.00,112262.00,24566.00,19787.00,70.33
38414,France,2020-06-01,191382.00,21995.00,28837.00,4271.00,77.00
38444,France,2020-07-01,205234.00,13852.00,29865.00,1028.00,81.25
38475,France,2020-08-01,227301.00,22067.00,30268.00,403.00,82.50
38506,France,2020-09-01,326264.00,98963.00,30673.00,405.00,80.25
38536,France,2020-10-01,618918.00,292654.00,32035.00,1362.00,82.33
38567,France,2020-11-01,1460575.00,841657.00,37058.00,5023.00,83.00
38597,France,2020-12-01,2285273.00,824698.00,53595.00,16537.00,81.67
38628,France,2021-01-01,2697018.00,411745.00,64891.00,11296.00,77.67
38659,France,2021-02-01,3260382.00,563364.00,76656.00,11765.00,79.75
38687,France,2021-03-01,3820418.00,560036.00,86954.00,10298.00,79.00
38718,France,2021-04-01,4755862.00,935444.00,96106.00,9152.00,78.50
38748,France,2021-05-01,5703499.00,947637.00,104868.00,8762.00,81.00
38779,France,2021-06-01,5738762.00,35263.00,109827.00,4959.00,77.60
38809,France,2021-07-01,5840067.00,101305.00,111288.00,1461.00,75.00
38840,France,2021-08-01,6210335.00,370268.00,112079.00,791.00,77.00
40846,Germany,2020-03-01,130.00,122.00,,,3.25
40877,Germany,2020-04-01,77872.00,77742.00,920.00,,23.25
40907,Germany,2020-05-01,164077.00,86205.00,6736.00,5816.00,63.00
40938,Germany,2020-06-01,183594.00,19517.00,8555.00,1819.00,64.00
40968,Germany,2020-07-01,195893.00,12299.00,8995.00,440.00,65.33
40999,Germany,2020-08-01,211005.00,15112.00,9154.00,159.00,64.50
41030,Germany,2020-09-01,246015.00,35010.00,9307.00,153.00,63.00
41060,Germany,2020-10-01,295539.00,49524.00,9509.00,202.00,64.00
41091,Germany,2020-11-01,544346.00,248807.00,10513.00,1004.00,70.50
41121,Germany,2020-12-01,1094678.00,550332.00,17177.00,6664.00,73.00
41152,Germany,2021-01-01,1762637.00,667959.00,34145.00,16968.00,73.50
41183,Germany,2021-02-01,2232327.00,469690.00,58059.00,23914.00,72.50
41211,Germany,2021-03-01,2455569.00,223242.00,70514.00,12455.00,70.00
41242,Germany,2021-04-01,2866323.00,410754.00,76823.00,6309.00,70.50
41272,Germany,2021-05-01,3423900.00,557577.00,83207.00,6384.00,68.50
41303,Germany,2021-06-01,3692908.00,269008.00,88781.00,5574.00,67.00
41333,Germany,2021-07-01,3736959.00,44051.00,91014.00,2233.00,61.33
41364,Germany,2021-08-01,3778277.00,41318.00,91666.00,652.00,63.50
53284,Italy,2020-03-01,1694.00,1692.00,34.00,,51.67
53315,Italy,2020-04-01,110574.00,108880.00,13155.00,13121.00,83.60
53345,Italy,2020-05-01,207428.00,96854.00,28236.00,15081.00,85.00
53376,Italy,2020-06-01,233197.00,25769.00,33475.00,5239.00,84.00
53406,Italy,2020-07-01,240760.00,7563.00,34788.00,1313.00,83.25
53437,Italy,2020-08-01,247832.00,7072.00,35146.00,358.00,83.50
53468,Italy,2020-09-01,270189.00,22357.00,35491.00,345.00,85.00
53498,Italy,2020-10-01,317409.00,47220.00,35918.00,427.00,87.25
53529,Italy,2020-11-01,709335.00,391926.00,38826.00,2908.00,87.00
53559,Italy,2020-12-01,1620901.00,911566.00,56361.00,17535.00,84.75
53590,Italy,2021-01-01,2129376.00,508475.00,74621.00,18260.00,85.00
53621,Italy,2021-02-01,2560957.00,431581.00,88845.00,14224.00,84.00
53649,Italy,2021-03-01,2938371.00,377414.00,97945.00,9100.00,85.00
53680,Italy,2021-04-01,3607083.00,668712.00,109847.00,11902.00,83.50
53710,Italy,2021-05-01,4035617.00,428534.00,121033.00,11186.00,82.33
53741,Italy,2021-06-01,4220304.00,184687.00,126221.00,5188.00,79.75
53771,Italy,2021-07-01,4260788.00,40484.00,127587.00,1366.00,77.33
53802,Italy,2021-08-01,4355348.00,94560.00,128068.00,481.00,77.40
79686,Norway,2020-04-01,4863.00,4844.00,44.00,,5.25
79716,Norway,2020-05-01,7783.00,2920.00,210.00,166.00,6.00
79747,Norway,2020-06-01,8446.00,663.00,236.00,26.00,
79777,Norway,2020-07-01,8896.00,450.00,251.00,15.00,
79808,Norway,2020-08-01,9253.00,357.00,255.00,4.00,
79839,Norway,2020-09-01,10871.00,1618.00,264.00,9.00,17.00
79869,Norway,2020-10-01,14149.00,3278.00,274.00,10.00,24.00
79900,Norway,2020-11-01,20635.00,6486.00,282.00,8.00,43.50
79930,Norway,2020-12-01,36591.00,15956.00,334.00,52.00,48.00
79961,Norway,2021-01-01,49803.00,13212.00,436.00,102.00,62.00
79992,Norway,2021-02-01,63262.00,13459.00,567.00,131.00,61.33
80020,Norway,2021-03-01,71735.00,8473.00,623.00,56.00,68.50
80051,Norway,2021-04-01,96770.00,25035.00,673.00,50.00,76.00
80081,Norway,2021-05-01,113259.00,16489.00,756.00,83.00,69.00
80112,Norway,2021-06-01,125576.00,12317.00,783.00,27.00,63.00
80142,Norway,2021-07-01,131509.00,5933.00,794.00,11.00,51.50
80173,Norway,2021-08-01,137853.00,6344.00,799.00,5.00,45.00
100156,Spain,2020-03-01,84.00,83.00,,,24.00
100187,Spain,2020-04-01,104118.00,104034.00,9387.00,,60.80
100217,Spain,2020-05-01,215216.00,111098.00,24543.00,15156.00,85.00
100248,Spain,2020-06-01,239638.00,24422.00,27127.00,2584.00,84.75
100278,Spain,2020-07-01,249659.00,10021.00,28364.00,1237.00,88.00
100309,Spain,2020-08-01,288522.00,38863.00,28445.00,81.00,89.00
100340,Spain,2020-09-01,470973.00,182451.00,29152.00,707.00,88.40
100370,Spain,2020-10-01,778607.00,307634.00,31973.00,2821.00,89.00
100401,Spain,2020-11-01,1185678.00,407071.00,35878.00,3905.00,88.00
100431,Spain,2020-12-01,1656444.00,470766.00,45511.00,9633.00,85.50
100462,Spain,2021-01-01,1928265.00,271821.00,50837.00,5326.00,88.50
100493,Spain,2021-02-01,2822805.00,894540.00,59081.00,8244.00,87.00
100521,Spain,2021-03-01,3204531.00,381726.00,69609.00,10528.00,86.75
100552,Spain,2021-04-01,3291394.00,86863.00,75541.00,5932.00,89.00
100582,Spain,2021-05-01,3524077.00,232683.00,78216.00,2675.00,87.00
100613,Spain,2021-06-01,3682778.00,158701.00,79983.00,1767.00,84.75
100643,Spain,2021-07-01,3821305.00,138527.00,80883.00,900.00,84.20
100674,Spain,2021-08-01,4447044.00,625739.00,81486.00,603.00,84.00
102475,Sweden,2020-03-01,14.00,13.00,,,1.00
102506,Sweden,2020-04-01,5320.00,5306.00,455.00,,5.25
102536,Sweden,2020-05-01,22133.00,16813.00,2653.00,2198.00,3.00
102567,Sweden,2020-06-01,39309.00,17176.00,4403.00,1750.00,5.50
102597,Sweden,2020-07-01,68608.00,29299.00,5370.00,967.00,
102628,Sweden,2020-08-01,77379.00,8771.00,5743.00,373.00,
102659,Sweden,2020-09-01,84521.00,7142.00,5813.00,70.00,7.50
102689,Sweden,2020-10-01,93615.00,9094.00,5893.00,80.00,9.00
102720,Sweden,2020-11-01,124355.00,30740.00,5938.00,45.00,12.00
102750,Sweden,2020-12-01,260758.00,136403.00,6681.00,743.00,16.00
102781,Sweden,2021-01-01,437379.00,176621.00,8727.00,2046.00,29.00
102812,Sweden,2021-02-01,566957.00,129578.00,11591.00,2864.00,33.00
102840,Sweden,2021-03-01,657309.00,90352.00,12826.00,1235.00,36.50
102871,Sweden,2021-04-01,813191.00,155882.00,13498.00,672.00,43.00
102901,Sweden,2021-05-01,973604.00,160413.00,14048.00,550.00,43.00
102932,Sweden,2021-06-01,1068473.00,94869.00,14451.00,403.00,32.67
102962,Sweden,2021-07-01,1090553.00,22080.00,14630.00,179.00,23.00
102993,Sweden,2021-08-01,1100040.00,9487.00,14655.00,25.00,22.00
111626,United Kingdom,2020-03-01,94.00,92.00,,,2.50
111657,United Kingdom,2020-04-01,43789.00,43695.00,3130.00,,10.25
111687,United Kingdom,2020-05-01,183501.00,139712.00,27454.00,24324.00,18.00
111718,United Kingdom,2020-06-01,258983.00,75482.00,37613.00,10159.00,26.33
111748,United Kingdom,2020-07-01,285279.00,26296.00,40576.00,2963.00,50.00
111779,United Kingdom,2020-08-01,305562.00,20283.00,41287.00,711.00,71.33
111810,United Kingdom,2020-09-01,339415.00,33853.00,41592.00,305.00,74.33
111840,United Kingdom,2020-10-01,462777.00,123362.00,42292.00,700.00,75.00
111871,United Kingdom,2020-11-01,1038056.00,575279.00,46807.00,4515.00,74.50
111901,United Kingdom,2020-12-01,1647233.00,609177.00,59148.00,12341.00,76.50
111932,United Kingdom,2021-01-01,2549693.00,902460.00,74237.00,15089.00,73.33
111963,United Kingdom,2021-02-01,3846855.00,1297162.00,106774.00,32537.00,75.50
111991,United Kingdom,2021-03-01,4194289.00,347434.00,123187.00,16413.00,73.00
112022,United Kingdom,2021-04-01,4364547.00,170258.00,127006.00,3819.00,73.00
112052,United Kingdom,2021-05-01,4434157.00,69610.00,127782.00,776.00,72.50
112083,United Kingdom,2021-06-01,4506333.00,72176.00,128045.00,263.00,72.00
112113,United Kingdom,2021-07-01,4844944.00,338611.00,128426.00,381.00,67.67
112144,United Kingdom,2021-08-01,5907594.00,1062650.00,130014.00,1588.00,64.00
79655,Norway,2020-03-01,19.00,19.00,,,3.33
